cam_model: Pinhole
cam_width: 1280
cam_height: 960
cam_fx: 578.0749
cam_fy: 580.5263
cam_cx: 619.11817
cam_cy: 468.80071
cam_d0: -0.279066
cam_d1: 0.059172
cam_d2: -0.001092
cam_d3: 0.000353
